50
893 850721133
286 2727963
308 736012807
627 114517223
219 783809283
986 281542255
541 696319675
316 638467933
437 193332599
27 712444845
849 256963019
246 644659165
115 214272962
602 574576772
647 364806202
346 254925715
286 134940329
635 744607912
588 10975091
825 904544878
373 807184955
693 183005421
823 490385782
886 703248363
68 484203874
669 909758043
92 444145869
517 452516062
50 774498849
530 698136625
873 473664761
589 758161815
802 617033303
599 480218031
575 208471903
925 959914334
976 21211822
313 987311892
498 86530741
17 746970705
257 939909265
401 243273083
426 215560651
599 859675162
181 18063567
113 717126539
987 547978961
600 698350614
80 941631702
54 599897168
