100
303 7372248
526 304663622
930 417642030
610 856962984
48 93166437
951 465176637
100 552383654
516 434918992
384 954994568
448 133178885
188 99923348
237 715334153
210 279774008
354 666561058
468 932771382
222 57253904
213 188833302
158 642575617
224 752816205
252 19648712
984 96113923
247 593729574
37 815866129
116 207181005
132 358543049
272 921978587
170 763209660
493 402782221
154 819717140
875 489880906
446 164992349
286 320431814
826 863463520
766 251155671
167 514395647
522 566931654
826 496671598
357 270278032
206 406397897
6 157719680
839 245894570
753 440716106
188 977685893
770 78521451
843 639880791
274 382371618
183 852688173
711 467750804
944 955809741
455 419488276
766 406616296
347 216635181
944 76728129
479 963374879
855 142136967
7 796799896
75 183506620
173 909183014
166 280833083
687 483805710
21 696628364
964 164911942
172 671591381
765 444082481
218 242249025
158 482551341
941 506183015
201 339664570
914 887843459
812 902834145
459 453934559
446 115547356
352 433404848
279 708661033
733 487409585
546 992108188
224 887479973
299 482894669
231 528970349
924 987601726
234 558752972
797 648913997
971 619254138
739 261156151
6 166307552
39 41093602
425 879882609
399 822717011
340 359424650
573 839700573
235 528428080
531 366637665
211 447712209
858 466851015
46 893773908
474 478054454
921 294131454
950 451644043
307 894750811
653 990384963
