100
248 438633112
804 68120320
828 124885967
557 661056579
308 969631696
551 89376203
129 367531214
241 962630250
277 303938233
410 555246081
561 425301468
366 583211667
616 166920890
561 298298873
293 915485673
303 353467152
915 315069182
715 956976066
769 652636953
360 515729039
482 458531822
477 207673407
838 984348093
538 660634068
697 239292422
535 615960530
508 902958817
31 404931691
336 5667417
388 423287015
835 941141573
801 363389879
388 671555721
375 499184802
838 302082181
948 99511506
807 973134112
341 412561322
245 157750591
909 496161000
349 402376248
777 785757390
417 172762818
73 790559800
491 582069098
888 82073244
649 359523534
912 283974922
934 41501476
815 484927663
62 282095748
45 20152250
74 785832712
127 405228984
236 101954436
459 903709500
573 576283606
469 447857232
60 197108540
868 780650002
345 51167768
547 961872300
993 569176887
269 679012113
616 226514944
131 385716865
35 53174461
682 427163019
810 169520003
318 603448168
483 413765711
696 536976879
802 186021486
364 371314441
270 519711068
1000 241518910
857 763453273
305 680317287
978 593492430
674 658049414
841 667010259
45 185526077
897 906927853
915 304221750
836 398529447
298 405397179
48 594431864
679 676159966
938 307083524
145 241154491
852 649361726
878 233764059
499 556707985
946 905911813
470 397452063
866 827809995
687 825284077
917 579669047
963 346776703
106 80037460
