50
666 967565415
840 768605223
428 454600454
964 216572348
383 421191560
990 742654148
688 591376022
597 903087521
369 923623035
356 366535583
303 306790560
141 962796177
975 761911397
120 125462018
123 219257691
238 345841620
144 461413494
429 928674202
628 800936319
798 924327296
117 562587961
84 137262027
134 910341796
146 66891142
864 922278030
75 729568804
430 520561240
195 261344885
552 201512855
535 207210255
431 364348320
324 706425004
612 87545236
832 682989843
210 342943780
733 912575195
662 894730543
879 126972152
948 757874190
969 873834834
783 639915117
988 842722019
862 793506740
971 596413409
188 965129836
414 737270380
994 867292402
350 572243848
44 147259048
151 464904769
