50
24 280813369
919 433055536
763 490801356
36 981563875
966 909626615
628 961992601
454 486773126
438 974485279
490 848321250
69 498162040
209 112157054
542 722517541
557 351096509
761 608972305
19 39969549
162 55651939
33 819043603
945 956489374
562 131165187
588 298192960
612 147110535
658 39082387
427 64918187
605 234584776
929 647869980
214 10562654
86 521681001
722 785424502
107 300292054
316 158551953
241 720308844
81 466757639
632 831081595
373 344155641
690 829261089
533 778202456
865 503980508
140 745749085
974 664179956
674 458001964
912 849402438
252 210782337
907 892155393
288 512548972
741 896864350
40 846400794
624 488658284
947 753027968
688 882206042
324 493562116
